time = [13262, 13771, 14282, 14761, 15272, 15783, 16263, 16772, 17282, 17762, 18271, 41822, 42331, 42842, 43321, 43832, 44343, 44823, 45331, 45841, 46321, 46831, 47342, 47822, 48332, 48842, 49322, 49862, 50341, 50822, 51331, 51843, 52321, 52832, 53341, 53823, 54331, 54841, 55323, 55832, 56341, 56822, 57331, 57842, 58321, 58832, 59341, 59822, 60331, 60842, 61322, 61832, 62341, 62822, 63332, 63843, 64321, 64832, 65341, 65822, 66392, 66842, 67321, 67832, 68341, 68822, 69331, 69842, 70322, 70832, 71341, 71822, 72331, 72843, 73321, 73832, 74342, 74822, 75331, 75843, 76351, 76832, 77341, 77823, 78333, 78842, 79321, 79831, 80341, 80821, 81331, 81841, 82321, 82833, 83342, 83822, 84332, 84843, 85322, 85832, 86371, 86822, 87332, 87843, 88321, 88832, 89341, 89822, 90332, 90843, 91321, 91831, 92342, 92822, 93331, 93842, 94322, 94832, 95344, 95822, 96331, 96844, 97322, 97834, 98343, 98823, 99331, 99873, 100321, 100833, 101342, 101822, 102332, 102843, 103322, 103834, 104341, 104824, 105331, 105843, 106321, 106832, 107345, 107822, 108334, 108842, 109325, 109832, 110342, 110823, 111332, 111844, 112324, 112835, 113342, 113823, 114332, 114843, 115322, 115834, 116344, 116822, 117332, 117843, 118322, 118833, 119343, 119823, 120332, 120845, 121323, 121834, 122372, 122823, 123332, 123845, 124322, 124833, 125342, 125823, 126332, 126844, 127324, 127834, 128345, 128823, 129332, 129874, 130322, 130833, 131342, 131825, 132332, 132843, 133323, 133833, 134342, 134823, 135332, 135843, 136324, 136833, 137343, 137823, 138332, 138843, 139323, 139833, 140343, 140824, 141332, 141873, 142322, 142863, 143343, 143824, 144333, 144845, 145322, 145865, 146343, 146823, 147332, 147843, 148322, 148833, 149342, 149825, 150332, 150843, 151322, 151833, 152342, 152825, 153333, 153846, 154322, 154833, 155342, 155823, 156362, 156843, 157322, 157863, 158343, 158823, 160863, 161344, 161853, 162335, 162843, 163323, 163835, 164344, 164825, 165336, 165843, 166323, 166832, 167343, 167823, 168335, 168843, 169323, 169832, 170344, 170823, 171332, 171844, 172323, 172836, 173343, 173823, 174333, 174844, 175324, 175835, 176344, 176823, 177334, 177843, 178326, 178833, 179343, 179823, 180335, 180843, 181324, 181833, 182344, 182823, 183336, 183813, 184323, 184835, 185345, 185823, 186334, 186844, 187323, 187834, 188313, 188823, 189336, 189843, 190323, 190835, 191315, 191823, 192335, 192846, 193326, 193835, 194314, 194823, 195333, 195844, 196324, 196835, 197314, 197823, 198336, 198815, 199323, 199833, 200344, 200827, 201332, 201813, 202323, 202839, 203315, 203826, 204334, 204816, 205326, 205833, 206344, 206823, 207335, 207815, 208324, 208834, 209344, 209823];
an3 = [0.155, 0.155, 0.155, 0.155, 0.155, 0.155, 0.155, 0.155, 0.155, 0.155, 0.155, 2.573, 2.573, 2.203, 2.203, 2.203, 2.203, 2.174, 2.174, 2.174, 2.174, 2.203, 2.203, 2.203, 2.203, 2.199, 2.199, 2.199, 2.199, 2.185, 2.185, 2.185, 2.185, 2.195, 2.195, 2.195, 2.195, 2.204, 2.204, 2.204, 2.204, 2.191, 2.191, 2.191, 2.191, 2.203, 2.203, 2.203, 2.203, 2.197, 2.197, 2.197, 2.197, 2.191, 2.191, 2.191, 2.191, 2.204, 2.204, 2.204, 2.204, 2.207, 2.207, 2.207, 2.207, 2.196, 2.196, 2.196, 2.196, 2.199, 2.199, 2.199, 2.199, 2.199, 2.199, 2.199, 2.199, 2.191, 2.191, 2.191, 2.191, 2.207, 2.207, 2.207, 2.207, 2.201, 2.201, 2.201, 2.201, 2.19, 2.19, 2.19, 2.19, 2.198, 2.198, 2.198, 2.198, 2.196, 2.196, 2.196, 2.196, 2.188, 2.188, 2.188, 2.188, 2.189, 2.189, 2.189, 2.189, 2.2, 2.2, 2.2, 2.2, 2.19, 2.19, 2.19, 2.19, 2.203, 2.203, 2.203, 2.203, 2.199, 2.199, 2.199, 2.199, 2.186, 2.186, 2.186, 2.186, 2.197, 2.197, 2.197, 2.197, 2.204, 2.204, 2.204, 2.204, 2.189, 2.189, 2.189, 2.189, 2.199, 2.199, 2.199, 2.199, 2.201, 2.201, 2.201, 2.201, 2.185, 2.185, 2.185, 2.185, 2.204, 2.204, 2.204, 2.204, 2.195, 2.195, 2.195, 2.195, 2.202, 2.202, 2.202, 2.202, 2.199, 2.199, 2.199, 2.199, 2.209, 2.209, 2.209, 2.209, 2.186, 2.186, 2.186, 2.186, 2.203, 2.203, 2.203, 2.203, 2.202, 2.202, 2.202, 2.202, 2.191, 2.191, 2.191, 2.191, 2.212, 2.212, 2.212, 2.212, 2.193, 2.193, 2.193, 2.193, 2.182, 2.182, 2.182, 2.182, 2.201, 2.201, 2.201, 2.201, 2.2, 2.2, 2.2, 2.2, 2.194, 2.194, 2.194, 2.194, 2.2, 2.2, 2.2, 2.2, 2.199, 2.199, 2.199, 2.199, 2.191, 2.191, 2.191, 2.191, 2.203, 2.203, 2.203, 2.203, 2.201, 2.201, 2.201, 2.201, 2.182, 2.182, 2.182, 2.182, 2.204, 2.204, 2.204, 2.204, 2.203, 2.203, 2.203, 2.203, 2.187, 0.891, 0.891, 0.891, 0.891, 0.892, 0.892, 0.892, 0.892, 0.881, 0.881, 0.881, 0.881, 0.89, 0.89, 0.89, 0.89, 0.891, 0.891, 0.891, 0.891, 0.874, 0.874, 0.874, 0.874, 0.878, 0.878, 0.878, 0.878, 0.89, 0.89, 0.89, 0.89, 0.872, 0.872, 0.872, 0.872, 0.888, 0.888, 0.888, 0.888, 0.886, 0.886, 0.886, 0.886, 0.871, 0.871, 0.871, 0.871, 0.878, 0.878, 0.878, 0.878, 0.892, 0.892, 0.892, 0.892, 0.872, 0.872, 0.872, 0.872, 0.88, 0.88, 0.88, 0.88, 0.89, 0.89, 0.89, 0.89, 0.895, 0.895, 0.895, 0.895, 0.892, 0.892, 0.892, 0.892, 0.891, 0.891, 0.891, 0.891, 0.874, 0.874, 0.874, 0.874, 0.884, 0.884, 0.884, 0.884, 0.879, 0.879, 0.879, 0.879, 0.878, 0.878, 0.878, 0.878, 0.888, 0.888, 0.888];
an5 = [0.155, 0.155, 0.155, 0.155, 0.155, 0.155, 0.155, 0.155, 0.155, 0.155, 0.155, 0.341, 0.341, 1.505, 1.505, 1.505, 1.505, 2.082, 2.082, 2.082, 2.082, 2.197, 2.197, 2.197, 2.197, 2.17, 2.17, 2.17, 2.17, 2.122, 2.122, 2.122, 2.122, 2.111, 2.111, 2.111, 2.111, 2.121, 2.121, 2.121, 2.121, 2.111, 2.111, 2.111, 2.111, 2.082, 2.082, 2.082, 2.082, 2.082, 2.082, 2.082, 2.082, 2.135, 2.135, 2.135, 2.135, 2.098, 2.098, 2.098, 2.098, 2.156, 2.156, 2.156, 2.156, 2.108, 2.108, 2.108, 2.108, 2.122, 2.122, 2.122, 2.122, 2.125, 2.125, 2.125, 2.125, 2.112, 2.112, 2.112, 2.112, 2.135, 2.135, 2.135, 2.135, 2.16, 2.16, 2.16, 2.16, 2.138, 2.138, 2.138, 2.138, 2.132, 2.132, 2.132, 2.132, 2.162, 2.162, 2.162, 2.162, 2.108, 2.108, 2.108, 2.108, 2.108, 2.108, 2.108, 2.108, 2.148, 2.148, 2.148, 2.148, 2.103, 2.103, 2.103, 2.103, 2.112, 2.112, 2.112, 2.112, 2.146, 2.146, 2.146, 2.146, 2.122, 2.122, 2.122, 2.122, 2.108, 2.108, 2.108, 2.108, 2.119, 2.119, 2.119, 2.119, 2.106, 2.106, 2.106, 2.106, 2.108, 2.108, 2.108, 2.108, 2.154, 2.154, 2.154, 2.154, 2.137, 2.137, 2.137, 2.137, 2.09, 2.09, 2.09, 2.09, 2.117, 2.117, 2.117, 2.117, 2.136, 2.136, 2.136, 2.136, 2.138, 2.138, 2.138, 2.138, 2.142, 2.142, 2.142, 2.142, 2.128, 2.128, 2.128, 2.128, 2.097, 2.097, 2.097, 2.097, 2.136, 2.136, 2.136, 2.136, 2.1, 2.1, 2.1, 2.1, 2.121, 2.121, 2.121, 2.121, 2.099, 2.099, 2.099, 2.099, 2.108, 2.108, 2.108, 2.108, 2.144, 2.144, 2.144, 2.144, 2.135, 2.135, 2.135, 2.135, 2.133, 2.133, 2.133, 2.133, 2.153, 2.153, 2.153, 2.153, 2.103, 2.103, 2.103, 2.103, 2.11, 2.11, 2.11, 2.11, 2.125, 2.125, 2.125, 2.125, 2.108, 2.108, 2.108, 2.108, 2.064, 2.064, 2.064, 2.064, 2.102, 2.102, 2.102, 2.102, 2.134, 2.134, 2.134, 2.134, 2.099, 2.009, 2.009, 2.009, 2.009, 1.862, 1.862, 1.862, 1.862, 1.742, 1.742, 1.742, 1.742, 1.693, 1.693, 1.693, 1.693, 1.652, 1.652, 1.652, 1.652, 1.615, 1.615, 1.615, 1.615, 1.606, 1.606, 1.606, 1.606, 1.602, 1.602, 1.602, 1.602, 1.591, 1.591, 1.591, 1.591, 1.586, 1.586, 1.586, 1.586, 1.583, 1.583, 1.583, 1.583, 1.579, 1.579, 1.579, 1.579, 1.582, 1.582, 1.582, 1.582, 1.589, 1.589, 1.589, 1.589, 1.575, 1.575, 1.575, 1.575, 1.576, 1.576, 1.576, 1.576, 1.575, 1.575, 1.575, 1.575, 1.583, 1.583, 1.583, 1.583, 1.591, 1.591, 1.591, 1.591, 1.588, 1.588, 1.588, 1.588, 1.577, 1.577, 1.577, 1.577, 1.587, 1.587, 1.587, 1.587, 1.582, 1.582, 1.582, 1.582, 1.579, 1.579, 1.579, 1.579, 1.586, 1.586, 1.586];
