% dbstop in fix_dtk_3 at 24;

% play
% clear;
% test

b.last(1);
b.last(2);
b.last(3);

k=[-0.0023027	-0.0045131	-0.0045605	
 0.0023013	 0.0045863	 0.0023314	
-0.0022593	-0.0090792	-0.0022091	
 0.0022807	-0.0282840	 0.0285020	
-0.0564140	 0.0298980	-0.0296240	
];
x=[0.1666667,0.1666667,0.0024510];
tgt=[1.6667000,3.3367000,0.0343580];
ek=[-1.5000334,-3.1700332,-0.0319070];
dtk=[-0.0179063,0.0180651,-0.0322409,-0.0853307,0.0092096,];
dtk_fix=[-0.0179063,0.0180651,-0.0322409,-0.0853307,0.0092096,];
ts_us=[0.0092096,0.0092096,0.0092096,0.0092096,0.0092096,0.0092096,0.0092096,];