% dbstop in fix_dtk_3 at 24;

% play
% clear;
% test

b.last(1);
b.last(2);

k=[-0.00230	-0.00451	-0.00456	
 0.00230	 0.00459	 0.00233	
-0.00226	-0.00908	-0.00221	
 0.00228	-0.02828	 0.02850	
-0.05641	 0.02990	-0.02962	
];
x=[0.3886,0.1667,0.0025]
target=[1.6667,3.3367,0.0344]
ek=[-1.2781,-3.1700,-0.0319]
dtk=[0.004,-0.012,-0.036,-0.003,0.012,]
dtk_fix=[0.004,-0.012,-0.036,-0.003,0.012,]
ts_us=[0.012,0.012,0.012,0.012,0.012,0.012,0.012,]